1
5
7
6
3
6
1
5
7
6
3
6
1
5
7
6
3
6
1
5
7
6
3
6
1
5
7
6
3
6
1
5
7
6
3
6
1
5
7
6
3
6
1
5
7
6
3
6
1
5
7
6
3
6
1
5
7
6
3
6
1
5
7
6
3
6
1
5
7
6
3
6
1
5
7
6
3
6
1
5
7
6
3
6
1
5
7
6
3
6
1
5
7
6
3
6
1
5
7
6
3
6
1
5
7
6
3
6
1
5
7
6
3
6
1
5
7
6
3
6
1
5
7
6
3
6
1
5
7
6
3
6
1
5
7
6
3
6
1
5
7
6
3
6
1
5
7
6
3
6
1
5
7
6
3
6
1
5
7
6
3
6
1
5
7
6
3
6
1
5
7
6
3
6
1
5
7
6
3
6
1
5
7
6
3
6
1
5
7
6
3
6
1
5
7
6
3
6
1
5
7
6
3
6
1
5
7
6
3
6
1
5
7
6
3
6
1
5
7
6
3
6
1
5
7
6
3
6
1
5
7
6
3
6
1
5
7
6
3
6
1
5
7
6
3
6
1
5
7
6
3
6
1
2
3
4
5
6
7
9
3
3
3
3
3
3
3
3
